pnpm-workspace.yaml
  s_2892fcb726af92::t_863a10893bb9eb 7-13
  s_2892fcb726af92::t_a74e8c4e89f97a 14
package.json
  s_2892fcb726af92::t_c71302cd53d021 54
pnpm-lock.yaml
  s_2892fcb726af92::t_3ae5cccb5919f7 16,65,144,159,199,202,208,264,289-292,296,324,350,421,433,436,443,465,483,496,548,557,573,582,615,628,652,655,665,674,1064,1071,1078,1085,1791,1797,1803,1809,1815,1821,1828,1835,1842,1849,1856,1863,2205,2211,2217,2223,2229,2235,2241,2247,2253,2259,2265,2271,2277,2586,2593,2600,2607,4129,4136,4143,4150,5870,5880-5881,5897,5899,5907,5909,5917,5920,5929,5934-5935,6357,6362,6366,6370,6399,6401,6406,6408-6409,6411,6432,6434,6437,6439,6442,6444,6447,6449,6451,6453,6466,6474,7046,7050,7303,7307-7308,8011,8013,8030,8032-8034,8042,8044-8046,8270,8274-8277,8292,8349,8353-8356,8371,8513,8516,8707,8710-8711,8798,8803,8871,8873,9110,9113,9122,9124,9205,9209-9211,9232,9234,9363,9366,9390,9394,9726,9733,9751,9755,9761,9764,9769,9774,9779,9783,9788,9790,9792-9795,10006,10009,10547-10548,10621,10624,10626,10632,10635,10670,10672,11113,11119,11268,11271,11379,11388,11399
---
{
  "schema_version": "authorship/3.0.0",
  "git_ai_version": "1.6.21",
  "base_commit_sha": "0d084eb47d512ff63a8dc5eebe4eecf985b94757",
  "prompts": {},
  "humans": {
    "h_95aea6b4aa8772": {
      "author": "Devendra Pratap <dps.manit@gmail.com>"
    }
  },
  "sessions": {
    "s_2892fcb726af92": {
      "agent_id": {
        "tool": "github-copilot",
        "id": "5655574f-82ad-49c9-8ae3-292150f7e070",
        "model": "deepseek/deepseek-v4-pro"
      },
      "human_author": "Devendra Pratap <dps.manit@gmail.com>"
    }
  }
}